185 19 208 42 桂
247 19 431 42 葩窝烷耐裤澳耜律
470 19 516 42 害楹
555 19 647 42 拔挟素尘
446 66 534 82 屑蕲Z戌氧武
561 66 577 82 掷
604 66 668 82 湔不峦逮
695 66 823 82 斛魏亡刮栢钽濛汛
94 95 293 116 胨桠慰扯钖轾婺锻扮d
332 95 374 116 韜邦
413 95 497 116 栾牍褰撑
536 95 725 116 婢毅寡價买帆芊这寻
764 95 890 116 苇跳南娥晃嘿
86 139 110 163 扎
135 139 351 163 搪迓茅韡肮漩逮乳拧
376 139 568 163 倖溟莼北飏猬打堇
593 139 797 163 枘驮憬韪翦哲l蒔囵
822 139 846 163 屁
7 192 57 217 稿拊
99 192 224 217 展起述肌浜
266 192 391 217 咱霆缴汉沭
433 192 458 217 钳
500 192 550 217 踯缶
592 192 842 217 鬻晙翔镂体拽梦菉猿讹
114 237 166 263 桔处
214 237 422 263 憔镫炽茭椤彬祷狡
470 237 704 263 淡赵架盖基荆他狄蜴
345 306 471 327 癣弃琭酰蛛肓
493 306 535 327 贻捏
557 306 578 327 濬
600 306 705 327 铲涪嫣手精
389 346 427 365 扁啜
448 346 505 365 玻趸欧
526 346 545 365 国
440 385 524 413 郝樾谧
545 385 741 413 桴尚擀议棵瞟纺
762 385 790 413 砧
6 444 151 473 艳显谄剥经
171 444 417 473 缓褛沁农谮荡跽掖l
437 444 640 473 坛苒戍哙实駹怪
660 444 718 473 贫腭
738 444 999 473 恻段谍窑曌攒莹祺弒
319 498 387 515 俐配赟兼
414 498 482 515 充瘵遐装
509 498 594 515 敢裱辟笏著
621 498 672 515 宕埋妫
257 546 313 560 控墀掖霹
345 546 387 560 中颅佺
419 546 517 560 淡铋捉患泗呶坦
549 546 689 560 禀同皑礴乍瘟氓管久杖
32 589 172 609 筠覃姮牺硬咔责
200 589 380 609 鹍羑鲢或郅涣渌桨诋
408 589 608 609 撺粮衙溱帮乳举忘抿檄
636 589 756 609 憨烙嫪窥跚矗
784 589 924 609 呤簸床邸友庆庞
9 626 125 655 钭甬瞥頣
154 626 212 655 藏颈
241 626 386 655 空篾臊孵驶
415 626 473 655 孜氅
502 626 661 655 贬h圻友陌鹚
690 626 806 655 碁觌腐护
835 626 893 655 竿似
41 710 293 738 蝼缩婿鸾位岢液鬲啦
331 710 359 738 滥
397 710 537 738 厥唑砀晦闯
575 710 659 738 盈扰浞
697 710 781 738 蛎衍睛
871 763 931 783 模琎歘
109 829 225 858 辈丹惮牒
258 829 316 858 屯恪
349 829 465 858 银芷舛府
498 829 744 858 P醚云鸥林醒盎冰揭
777 829 922 858 黑葛逸姒贻
376 924 529 941 喂博徨喙鸽粽踏肠贾
557 924 574 941 焕
602 924 670 941 刘擞剩仵
698 924 817 941 掼澥裔佈素嗜鸭
473 967 513 977 蹬悫枢南
558 967 638 977 缵毯纡垅榞恶冈桑
683 967 723 977 别枪讦贞
768 967 848 977 沫卬绚餍微呜备蚈
194 1000 269 1025 扞沁哉
318 1000 368 1025 篑蹋
417 1000 467 1025 馅泼
516 1000 766 1025 赜褚競派岩驸壶辫胝爰
349 1074 469 1094 酬大揩尸仿胚
511 1074 671 1094 形蓉献轿茴钛抿询
340 1119 428 1141 逅躞戕褐
464 1119 530 1141 溧芙俚
566 1119 676 1141 氯猥诳蟹谷
712 1119 789 1141 c庳腮禹
46 1197 222 1219 疯兀锒吃倏哓势慙
263 1197 395 1219 膀荭牮珲摊烃
436 1197 480 1219 扌蜴
521 1197 631 1219 怼伽副铙贼
672 1197 859 1219 X蓝螫炀枵嗔群煊卒
270 1266 410 1294 雕奥墉周啡
443 1266 695 1294 鲲逾其氆乱坟缢毂瓢
728 1266 756 1294 挞
789 1266 845 1294 麤嫁
620 1328 658 1347 仟宽
80 1368 167 1397 葡弍厚
190 1368 364 1397 浚喑痹底泻曝
387 1368 648 1397 叵吡夸贝嚓琵缑燦琬
671 1368 961 1397 袂附嗷蔻潴姐稚轻犸秃
78 1468 303 1493 侃绸耋颔恩办儋键昃
346 1468 371 1493 琏
414 1468 664 1493 骨睾土灸唑鹚疹吓砂瞠
707 1468 732 1493 霞
775 1468 875 1493 誓玄梢阂
186 1500 270 1528 伍草祎
77 1557 273 1585 疫嘶垮涕西抚蜃
309 1557 477 1585 洁僭提绉馅罢
513 1557 569 1585 砦拣
605 1557 745 1585 肛氩骝盱粕
108 1594 138 1624 毕
181 1594 301 1624 道癜搀蘑
344 1594 554 1624 篷滁党曩详矛诨
481 1666 544 1687 癫癔锭
575 1666 596 1687 细
627 1666 711 1687 秦罄混翃
742 1666 805 1687 临煨选
90 1719 310 1741 淼琐咸蹙霓艳洹电寸咸
340 1719 362 1741 栌
392 1719 480 1741 收拘衅养
126 1755 164 1774 鉮拘
210 1755 381 1774 磊罥匿掾忠留烯琏嗲
8 1817 151 1843 肚榕佐v遽渥
196 1817 404 1843 害贤饨峻陟谱痕字
449 1817 527 1843 强黉犴
572 1817 702 1843 缺氰向跸订
747 1817 851 1843 洽父岌臭
162 1865 228 1887 襜呃驯
269 1865 423 1887 蓟煮磅妻赟上健
138 1911 223 1928 贤侧誓奴咏
245 1911 381 1928 雎鲟迁檬徽镇粗蟾
403 1911 522 1928 枫嚣获掺旷遭聚
544 1911 629 1928 弦犬龌玛珍
651 1911 821 1928 垫讥內谁命擒公邽贫创
